n <- 1000000
l_value <- 600
s_value <- 5 * 10

p <- l_value/s_value
n <- n/p
n/p^3

1000000/64 # esto es para 250
1000000/244 # esto es para 400
1000000/100 # esto es para 500
1000000/578 # esto es para 600
1000000/364 # esto es para 700


n <= l_value | n <= s_value | n*s_value/l_ <=k